---------------------------------------- defensa ataco dcha
4,5,1,1,1,0
4,5,8,9
7,1,5,9,13
---------------------------------------- media ataco dcha
4,6,2,0,1,0
5,6,9,10
7,5,6,9,10
---------------------------------------- ataque ataco dcha
4,6,3,0,1,0
6,7,10,11
7,3,7,11,15
---------------------------------------- defensa ataco izda
7,6,1,1,0,0
7,11,6,10
4,2,6,10,14
---------------------------------------- media ataco izda
7,5,2,0,0,0
5,6,9,10
4,5,6,9,10
---------------------------------------- ataque ataco izda
7,5,3,0,0,2
4,5,8,9
4,0,4,8,12
----------------------------------------
7,8,3,0,0,3
9,8,4,8
8,4,8,8,8
----------------------------------------
11,4,3,0,0,2
1,4,8,9
9,9,9,9,9
----------------------------------------
7,4,3,0,0,1
1,8,4,8
8,8,1,8,8
----------------------------------------
11,8,3,0,0,1
1,4,8,0
0,0,1,0,4
----------------------------------------
7,8,3,1,0,1
5,0,9,12
8,0,8,12,8
----------------------------------------