81
0 2 2 5 5 0 0 -10 0 -1 3.
0 2 5 5 5 0 0 -10 0 -1 3.
0 2 5 5 2 0 0 -10 0 -1 3.
0 2 5 5 2 0 -1 -10 0 -1 3.
0 2 4 5 5 0 1 -10 0 -1 3.
0 1 2 4 1 1 1 0 0 -1 3.
0 1 1 4 2 1 -1 0 0 -1 3.
0 1 2 4 1 1 1 -1 0 -1 3.
0 1 1 4 2 1 -1 -1 0 -1 3.
0 3 2 4 3 1 1 1 0 -1 3.
0 3 3 4 2 1 -1 1 0 -1 3.
0 2 4 5 5 -1 1 -10 0 -1 3.
0 2 5 5 4 -1 -1 -10 0 -1 3.
0 2 2 5 2 0 0 -10 1 -1 3.
0 2 1 5 2 0 -1 -10 1 -1 3.
0 2 2 5 1 0 1 -10 1 -1 3.
0 1 2 4 1 1 1 0 1 -1 3.
0 1 1 4 2 1 -1 0 1 -1 3.
0 1 2 4 1 1 1 -1 1 -1 3.
0 1 1 4 2 1 -1 -1 1 -1 3.
0 3 2 4 3 1 1 1 1 -1 3.
0 3 3 4 2 1 -1 1 1 -1 3.
0 2 2 5 5 -1 1 -10 1 -1 3.
0 2 2 5 5 -1 -1 -10 1 -1 3.
0 1 1 4 1 1 -10 -10 1 -1 5.
0 2 1 5 7 -1 -10 -10 1 -1 5.
0 2 2 5 5 0 0 -10 -1 -1 5.
0 2 5 5 2 0 -1 -10 -1 -1 3.
0 2 4 5 5 0 1 -10 -1 -1 3.
0 1 2 4 1 1 1 0 -1 -1 3.
0 1 1 4 2 1 -1 0 -1 -1 3.
0 1 2 4 1 1 1 -1 -1 -1 3.
0 1 1 4 2 1 -1 -1 -1 -1 3.
0 3 2 4 3 1 1 1 -1 -1 3.
0 3 3 4 2 1 -1 1 -1 -1 3.
0 2 4 5 5 -1 1 -10 -1 -1 3.
0 2 5 5 4 -1 -1 -10 -1 -1 3.
0 2 2 5 2 0 0 -10 -1 -1 3.
0 2 1 5 2 0 -1 -10 -1 -1 3.
0 2 2 5 1 0 1 -10 -1 -1 3.
0 1 2 4 1 1 1 0 -1 -1 3.
0 1 1 4 2 1 -1 0 -1 -1 3.
0 1 2 4 1 1 1 -1 -1 -1 3.
0 1 1 4 2 1 -1 -1 -1 -1 3.
0 3 2 4 3 1 1 1 -1 -1 3.
0 3 3 4 2 1 -1 1 -1 -1 3.
0 2 2 5 5 -1 1 -10 -1 -1 3.
0 2 5 5 2 -1 -1 -10 -1 -1 3.
0 2 5 5 5 0 0 -10 -1 -1 3.
0 2 5 5 5 0 -1 -10 -1 -1 3.
0 2 5 5 5 0 1 -10 -1 -1 3.
0 1 2 5 5 1 1 0 -1 -1 3.
0 1 5 5 2 1 -1 0 -1 -1 3.
0 1 2 5 5 1 1 -1 -1 -1 3.
0 1 5 5 2 1 -1 -1 -1 -1 3.
0 3 2 5 5 1 1 1 -1 -1 3.
0 3 5 5 2 1 -1 1 -1 -1 3.
0 2 2 5 5 -1 1 -10 -1 -1 3.
0 2 5 5 2 -1 -1 -10 -1 -1 3.
0 2 2 5 2 -1 -10 -10 1 1 5.
0 2 5 5 4 -1 -1 -10 -1 1 3.
0 2 4 5 5 -1 1 -10 -1 1 3.
0 1 5 5 4 1 -1 -10 -1 1 3.
0 1 4 5 5 1 1 -10 -1 1 3.
0 2 5 5 7 -1 -1 -10 0 1 3.
0 2 7 5 5 -1 1 -10 0 1 3.
0 1 1 5 7 1 -1 -10 0 1 5.
0 1 4 1 1 1 1 -10 0 1 5.
0 2 7 5 5 0 0 -10 0 -1 5.
0 2 7 5 5 0 0 -10 0 -1 5.
0 2 5 5 7 0 0 -10 0 -1 5.
0 2 5 5 7 0 -1 -10 0 -1 5.
0 2 7 5 5 0 1 -10 0 -1 5.
0 2 7 5 5 -1 1 -10 0 -1 5.
0 2 5 5 7 -1 -1 -10 0 -1 5.
0 2 7 5 5 0 0 -10 -1 -1 5.
0 2 5 5 7 0 -1 -10 -1 -1 5.
0 2 7 5 5 0 1 -10 -1 -1 5.
0 2 7 5 5 -1 1 -10 -1 -1 5.
0 2 5 5 7 -1 -1 -10 -1 -1 5.
0 2 1 5 7 0 1 -10 1 -1 5.
0 2 7 5 2 -1 -1 -10 1 -1 5.
0 2 1 5 7 -1 -10 -10 1 -1 5.
